0: 57,12,140
1: 125,114,71
2: 52,44,216
3: 16,15,47
4: 111,119,13
5: 101,214,112
6: 229,142,3
7: 81,216,174
8: 142,79,110
9: 172,52,47
10: 194,49,183
11: 176,135,22
12: 235,63,193
13: 40,150,185
14: 98,35,23
15: 116,148,40
16: 119,51,194
17: 142,232,186
18: 83,189,181
19: 107,136,36
20: 87,125,83
21: 236,194,138
22: 112,166,28
23: 117,16,161
24: 205,137,33
25: 108,161,108
26: 255,202,234
27: 73,135,71
28: 126,134,219
29: 204,185,112
30: 70,252,46
31: 24,56,78
32: 81,216,32
33: 197,195,239
34: 128,5,58
35: 136,174,57
36: 150,222,80
37: 232,1,134
38: 91,54,152
39: 101,78,191
40: 82,0,165
41: 250,9,57
42: 185,157,122
43: 29,123,40
44: 43,248,35
45: 64,65,243
46: 84,135,216
47: 108,102,159
48: 204,191,224
49: 231,61,126
50: 115,32,173
51: 10,117,112
52: 3,36,30
53: 117,34,16
54: 169,36,121
55: 142,248,109
56: 67,242,124
57: 242,208,97
58: 48,49,220
59: 181,216,210
60: 239,27,50
61: 31,206,173
62: 55,127,98
63: 97,229,71
64: 216,93,142
